root = abacus_cosm019.
# Baseline LCDM with two 0.06 eV neutrinos
omega_b = 0.02237
omega_cdm = 0.12
h = 0.6683
A_s = 2.1353e-09
n_s = 0.9649
alpha_s = 0.0
N_ur = 1.0196
N_ncdm = 2.0
omega_ncdm = 0.00064420,0.00064420
w0_fld = -1.0
wa_fld = 0.0
