root = abacus_cosm122.
# Baseline -0.025 w0
omega_b = 0.02237
omega_cdm = 0.12
h = 0.681
A_s = 2.0483e-09
n_s = 0.9649
alpha_s = 0.0
N_ur = 2.0328
N_ncdm = 1.0
omega_ncdm = 0.0006442
w0_fld = -1.025
wa_fld = 0.0
