root = abacus_cosm020.
# Baseline LCDM with three 0.06 eV neutrinos
omega_b = 0.02237
omega_cdm = 0.12
h = 0.6623
A_s = 2.1867e-09
n_s = 0.9649
alpha_s = 0.0
N_ur = 0.0
N_ncdm = 3.0
omega_ncdm = 0.00064420,0.00064420,0.00064420
w0_fld = -1.0
wa_fld = 0.0
