root = abacus_cosm158.
# Emulator grid around baseline cosmology
omega_b = 0.02201
omega_cdm = 0.1262
h = 0.6958
A_s = 1.8626e-09
n_s = 0.9667
alpha_s = 0.0
N_ur = 2.0328
N_ncdm = 1.0
omega_ncdm = 0.0006442
w0_fld = -1.082
wa_fld = -0.392
