root = abacus_cosm002.
# wCDM with thawing model w0 = -0.7, wa = -0.5
omega_b = 0.02237
omega_cdm = 0.12
h = 0.6278
A_s = 2.314e-09
n_s = 0.9649
alpha_s = 0.0
N_ur = 2.0328
N_ncdm = 1.0
omega_ncdm = 0.0006442
w0_fld = -0.7
wa_fld = -0.5
